0.000000 8.684900
0.050000 17.933953
0.100000 22.777554
0.150000 27.626275
0.200000 32.058875
0.250000 22.698789
0.300000 24.105924
0.350000 23.210441
0.400000 29.728210
0.450000 31.500184
0.500000 21.933871
0.550000 24.807497
0.600000 29.880619
0.650000 25.792231
0.700000 21.634250
0.750000 22.573143
0.800000 23.283908
0.850000 21.540019
0.900000 22.890335
0.950000 29.320801
1.000000 24.813128
1.050000 23.673325
1.100000 22.821801
1.150000 23.225970
1.200000 22.820929
1.250000 30.229902
1.300000 21.171806
1.350000 24.280642
1.400000 26.912386
1.450000 29.294147
1.500000 25.944302
1.550000 21.499638
1.600000 26.003382
1.650000 23.417517
1.700000 28.543097
1.750000 25.144158
1.800000 24.622055
1.850000 23.720946
1.900000 26.342685
1.950000 20.337430
2.000000 24.351480
2.050000 20.142938
2.100000 23.330347
2.150000 23.971966
2.200000 25.434742
2.250000 26.441061
2.300000 25.750996
2.350000 23.632188
2.400000 30.031782
2.450000 26.987932
2.500000 25.372486
2.550000 27.482193
2.600000 30.946735
2.650000 24.615373
2.700000 27.365380
2.750000 18.948464
2.800000 23.287306
2.850000 24.840270
2.900000 26.633318
2.950000 26.125114
3.000000 23.863141
3.050000 26.057884
3.100000 21.810663
3.150000 22.150059
3.200000 25.631700
3.250000 22.261651
3.300000 27.181237
3.350000 24.561341
3.400000 28.301939
3.450000 24.631910
3.500000 22.551188
3.550000 18.670195
3.600000 18.628307
3.650000 22.575750
3.700000 25.864478
3.750000 27.078284
3.800000 20.630544
3.850000 27.937794
3.900000 23.178147
3.950000 26.666228
4.000000 23.840260
4.050000 23.558038
4.100000 27.958944
4.150000 32.487758
4.200000 20.254064
4.250000 22.752825
4.300000 21.782302
4.350000 25.716549
4.400000 25.404077
4.450000 22.296775
4.500000 27.171569
4.550000 26.289812
4.600000 22.949088
4.650000 22.200543
4.700000 24.914043
4.750000 21.266140
4.800000 22.315353
4.850000 23.437696
4.900000 27.127965
4.950000 22.473228
5.000000 27.908283
5.050000 25.431066
5.100000 21.226646
5.150000 21.414154
5.200000 25.321751
5.250000 30.164626
5.300000 24.845307
5.350000 29.500403
5.400000 26.314230
5.450000 33.074559
5.500000 25.457480
5.550000 25.631753
5.600000 29.785019
5.650000 25.401477
5.700000 32.915802
5.750000 28.367672
5.800000 27.636490
5.850000 22.058905
5.900000 30.743556
5.950000 28.977177
6.000000 24.232349
6.050000 31.305415
6.100000 30.677089
6.150000 26.364623
6.200000 31.087328
6.250000 25.707248
6.300000 23.072738
6.350000 20.717517
6.400000 28.922465
6.450000 31.562955
6.500000 31.195397
6.550000 25.798445
6.600000 21.503785
6.650000 26.378117
6.700000 26.588180
6.750000 21.786276
6.800000 24.015490
6.850000 20.539510
6.900000 22.169936
6.950000 26.445701
7.000000 22.599422
7.050000 22.628750
7.100000 23.858924
7.150000 31.397965
7.200000 29.692975
7.250000 28.629927
7.300000 21.825582
7.350000 25.286619
7.400000 31.764478
7.450000 22.406411
7.500000 25.899817
7.550000 23.836552
7.600000 21.990187
7.650000 21.173647
7.700000 22.367089
7.750000 23.081026
7.800000 23.286611
7.850000 30.594403
7.900000 24.852794
7.950000 23.146882
8.000000 21.391461
8.050000 23.455512
8.100000 31.166396
8.150000 28.818685
8.200000 28.671579
8.250000 32.150208
8.300000 28.530209
8.350000 33.400636
8.400000 22.202921
8.450000 23.002568
8.500000 26.432210
8.550000 25.266050
8.600000 23.873828
8.650000 27.912153
8.700000 27.792208
8.750000 27.964458
8.800000 27.773218
8.850000 22.362808
8.900000 28.724767
8.950000 28.132243
9.000000 27.787258
9.050000 32.014727
9.100000 28.613504
9.150000 26.897986
9.200000 30.832105
9.250000 27.576785
9.300000 23.185580
9.350000 23.797090
9.400000 25.698139
9.450000 25.235488
9.500000 26.323092
9.550000 36.057950
9.600000 27.167769
